140,409,,,,409,01/04/2021,30/06/2021,,,56.5,1
149,409,,,,409,01/04/2021,30/06/2021,,,56.5,1
307,409,,,,409,01/04/2021,30/06/2021,,,56.5,1
9229,409,,,,409,01/04/2021,30/06/2021,,,32.5,1
20107,409,,,,409,01/04/2021,30/06/2021,,,32.5,1
19,663,,,,663,12/01/2021,31/12/2021,,5,,1
382,663,,,,663,12/01/2021,31/12/2021,,5,,1
383,663,,,,663,12/01/2021,31/12/2021,,5,,1
385,663,,,,663,12/01/2021,31/12/2021,,5,,1
386,663,,,,663,12/01/2021,31/12/2021,,5,,1
1692,663,,,,663,12/01/2021,31/12/2021,,5,,1
2407,663,,,,663,12/01/2021,31/12/2021,,5,,1
2715,663,,,,663,12/01/2021,31/12/2021,,,187,1
3950,663,,,,663,12/01/2021,31/12/2021,,5,,1
4255,663,,,,663,12/01/2021,31/12/2021,,,25,1
4723,663,,,,663,12/01/2021,31/12/2021,,15,,1
4733,663,,,,663,12/01/2021,31/12/2021,,15,,1
4779,663,,,,663,12/01/2021,31/12/2021,,15,,1
5122,663,,,,663,12/01/2021,31/12/2021,,5,,1
5695,663,,,,663,12/01/2021,31/12/2021,,15,,1
6439,663,,,,663,12/01/2021,31/12/2021,,5,,1
6731,663,,,,663,12/01/2021,31/12/2021,,5,,1
9229,663,,,,663,19/04/2021,31/12/2021,,,29.35,1
11007,663,,,,663,12/01/2021,31/12/2021,,5,,1
11021,663,,,,663,12/01/2021,31/12/2021,,5,,1
11070,663,,,,663,12/01/2021,31/12/2021,,5,,1
